C2H4-C2H4
C         1.85777      0.47280      0.47242
C         1.85777     -0.47280     -0.47242
H         0.93377      0.87469      0.87406
H         2.78382      0.87171      0.87156
H         2.78382     -0.87171     -0.87156
H         0.93377     -0.87469     -0.87406
C        -1.85777      0.47280     -0.47242
C        -1.85777     -0.47280      0.47242
H        -2.78382      0.87171     -0.87156
H        -0.93377      0.87469     -0.87406
H        -0.93377     -0.87469      0.87406
H        -2.78382     -0.87171      0.87156
