HCONH2-HCONH2
O        -1.14109      1.44521      0.00000
C        -0.06175      2.03095      0.00000
H        -0.01369      3.13017      0.00000
N         1.14109      1.43588      0.00000
H         1.21769      0.41653      0.00000
H         1.97145      2.00210      0.00000
O         1.14109     -1.44521      0.00000
C         0.06175     -2.03095      0.00000
H         0.01369     -3.13017      0.00000
N        -1.14109     -1.43588      0.00000
H        -1.21769     -0.41653      0.00000
H        -1.97145     -2.00210      0.00000
